beta_time = -4.374887694462255
asc_cycling = -3.351220582243177
asc_pt = -0.6413548042400419
beta_cost = -0.1377827502054028
asc_driving = -0.7350675879725719
